$ANSIBLE_VAULT;1.1;AES256
36323835623564313035623665656431376637663834326537646639353639633139303066643530
6266306436653339386336643437373863373266393636660a646331623361343738646165333264
39393731393862376661636435343663366431616337396132623366653739643735373130323637
3031346437626533340a313734306663653266666536346234623232626130643539303562346630
64313764333831663033343938323335656633333230333666323865393861366437366134353666
63656263346136613561623263373064346365333732623632373139356465663931366335623931
34386136653062613231313033346437316162646339393039633439663638356232353362353639
32636337386131376262316433303832656536376630646461666630646461343838383435653362
64376532633832383861313464343435623661663165666261633861303535383762363665333736
32336637356230383061613537353066653862386263303061343030383535373166363334336631
39656635636561343466333436643761626539313963346133396131636666363665663433373530
39656632613637316533353861623736633534363937316566656231333537393239656563313766
62636263316164343936326334303862313166356637326231356433633963306262316261383065
37393033353063613861663261653233373333626337323564383262663662613339336237653663
33393233646236396131646330613966636534313533323938616266393861356266336439626363
38653434363334363433346562333665643864303233353064306461623530313039303734386630
66316162646164616565363333313030373734393239363438363839666362616165326332613633
38353830396237623531633661383362633863663161323532336438663562633038316562306638
37633734303862326637663863616439306135363666346630373036663831326565316639666339
66383965303265363938333565653138663632343933366638623330323464303335623238343264
66393463356438303433316339626337313738646335373963653336363332376231313935393430
39393263366339333262333234396435646339373639383335656462363236653664626665343338
31393165336365373365303965663566336333363831623439323262333366363464623065326330
62353866343864386437306333356235396333373239336538363538356333643435346563376661
64616330653665653139356362636135343031333837366136376130656634353266383035643237
38663164393462666537646330383164353634613730623038646666353465333036663738656432
31646230393131336635393536613538643436333233663336613738656432653561333036313436
62626136366133386231
